1.360000000000000000e+02 4.000000000000000000e+01
1.350000000000000000e+02 8.400000000000000000e+01
9.800000000000000000e+01 7.800000000000000000e+01
8.000000000000000000e+01 1.440000000000000000e+02
7.600000000000000000e+01 2.060000000000000000e+02
1.710000000000000000e+02 9.000000000000000000e+01
1.740000000000000000e+02 1.590000000000000000e+02
1.700000000000000000e+02 2.180000000000000000e+02
9.800000000000000000e+01 1.960000000000000000e+02
-1.000000000000000000e+00 -1.000000000000000000e+00
-1.000000000000000000e+00 -1.000000000000000000e+00
1.430000000000000000e+02 2.020000000000000000e+02
-1.000000000000000000e+00 -1.000000000000000000e+00
-1.000000000000000000e+00 -1.000000000000000000e+00
1.270000000000000000e+02 3.300000000000000000e+01
1.440000000000000000e+02 3.200000000000000000e+01
1.180000000000000000e+02 3.700000000000000000e+01
1.560000000000000000e+02 3.600000000000000000e+01
