1.450000000000000000e+02 3.400000000000000000e+01
1.470000000000000000e+02 8.300000000000000000e+01
1.200000000000000000e+02 8.400000000000000000e+01
1.100000000000000000e+02 1.540000000000000000e+02
1.190000000000000000e+02 2.190000000000000000e+02
1.740000000000000000e+02 8.100000000000000000e+01
1.770000000000000000e+02 1.440000000000000000e+02
1.840000000000000000e+02 1.980000000000000000e+02
1.380000000000000000e+02 2.000000000000000000e+02
-1.000000000000000000e+00 -1.000000000000000000e+00
-1.000000000000000000e+00 -1.000000000000000000e+00
1.690000000000000000e+02 1.980000000000000000e+02
-1.000000000000000000e+00 -1.000000000000000000e+00
-1.000000000000000000e+00 -1.000000000000000000e+00
1.370000000000000000e+02 2.700000000000000000e+01
1.540000000000000000e+02 2.600000000000000000e+01
1.280000000000000000e+02 3.500000000000000000e+01
1.660000000000000000e+02 3.000000000000000000e+01
