1.280000000000000000e+02 2.900000000000000000e+01
1.390000000000000000e+02 5.700000000000000000e+01
1.270000000000000000e+02 5.800000000000000000e+01
1.270000000000000000e+02 9.400000000000000000e+01
-1.000000000000000000e+00 -1.000000000000000000e+00
1.510000000000000000e+02 5.700000000000000000e+01
1.640000000000000000e+02 9.600000000000000000e+01
1.460000000000000000e+02 1.290000000000000000e+02
1.200000000000000000e+02 1.280000000000000000e+02
1.120000000000000000e+02 1.730000000000000000e+02
1.180000000000000000e+02 2.250000000000000000e+02
1.390000000000000000e+02 1.290000000000000000e+02
1.430000000000000000e+02 1.810000000000000000e+02
1.410000000000000000e+02 2.320000000000000000e+02
1.240000000000000000e+02 2.600000000000000000e+01
1.330000000000000000e+02 2.500000000000000000e+01
-1.000000000000000000e+00 -1.000000000000000000e+00
1.450000000000000000e+02 2.600000000000000000e+01
