1.100000000000000000e+02 3.800000000000000000e+01
1.380000000000000000e+02 7.300000000000000000e+01
1.590000000000000000e+02 7.300000000000000000e+01
-1.000000000000000000e+00 -1.000000000000000000e+00
-1.000000000000000000e+00 -1.000000000000000000e+00
1.170000000000000000e+02 7.300000000000000000e+01
1.030000000000000000e+02 1.410000000000000000e+02
-1.000000000000000000e+00 -1.000000000000000000e+00
1.150000000000000000e+02 1.890000000000000000e+02
-1.000000000000000000e+00 -1.000000000000000000e+00
-1.000000000000000000e+00 -1.000000000000000000e+00
1.460000000000000000e+02 1.880000000000000000e+02
-1.000000000000000000e+00 -1.000000000000000000e+00
-1.000000000000000000e+00 -1.000000000000000000e+00
1.060000000000000000e+02 3.100000000000000000e+01
1.180000000000000000e+02 3.000000000000000000e+01
-1.000000000000000000e+00 -1.000000000000000000e+00
1.410000000000000000e+02 3.200000000000000000e+01
