1.590000000000000000e+02 4.900000000000000000e+01
1.320000000000000000e+02 9.200000000000000000e+01
8.600000000000000000e+01 9.200000000000000000e+01
7.200000000000000000e+01 1.420000000000000000e+02
8.000000000000000000e+01 1.790000000000000000e+02
1.780000000000000000e+02 9.200000000000000000e+01
1.900000000000000000e+02 1.420000000000000000e+02
1.810000000000000000e+02 1.820000000000000000e+02
1.070000000000000000e+02 2.200000000000000000e+02
-1.000000000000000000e+00 -1.000000000000000000e+00
-1.000000000000000000e+00 -1.000000000000000000e+00
1.580000000000000000e+02 2.200000000000000000e+02
-1.000000000000000000e+00 -1.000000000000000000e+00
-1.000000000000000000e+00 -1.000000000000000000e+00
1.490000000000000000e+02 4.200000000000000000e+01
1.600000000000000000e+02 3.900000000000000000e+01
1.240000000000000000e+02 4.400000000000000000e+01
-1.000000000000000000e+00 -1.000000000000000000e+00
