1.310000000000000000e+02 3.000000000000000000e+01
1.290000000000000000e+02 5.900000000000000000e+01
1.050000000000000000e+02 5.900000000000000000e+01
9.800000000000000000e+01 9.400000000000000000e+01
9.600000000000000000e+01 1.270000000000000000e+02
1.530000000000000000e+02 6.000000000000000000e+01
1.600000000000000000e+02 9.600000000000000000e+01
1.600000000000000000e+02 1.290000000000000000e+02
1.140000000000000000e+02 1.320000000000000000e+02
1.140000000000000000e+02 1.820000000000000000e+02
1.170000000000000000e+02 2.260000000000000000e+02
1.410000000000000000e+02 1.320000000000000000e+02
1.390000000000000000e+02 1.810000000000000000e+02
1.340000000000000000e+02 2.280000000000000000e+02
1.270000000000000000e+02 2.600000000000000000e+01
1.360000000000000000e+02 2.600000000000000000e+01
1.190000000000000000e+02 2.800000000000000000e+01
1.430000000000000000e+02 2.800000000000000000e+01
