1.090000000000000000e+02 2.700000000000000000e+01
1.220000000000000000e+02 5.400000000000000000e+01
9.900000000000000000e+01 5.100000000000000000e+01
9.000000000000000000e+01 8.900000000000000000e+01
9.600000000000000000e+01 1.220000000000000000e+02
1.450000000000000000e+02 5.700000000000000000e+01
1.500000000000000000e+02 9.400000000000000000e+01
1.490000000000000000e+02 1.280000000000000000e+02
1.050000000000000000e+02 1.240000000000000000e+02
9.700000000000000000e+01 1.720000000000000000e+02
9.500000000000000000e+01 2.210000000000000000e+02
1.330000000000000000e+02 1.260000000000000000e+02
1.380000000000000000e+02 1.740000000000000000e+02
1.400000000000000000e+02 2.250000000000000000e+02
1.080000000000000000e+02 2.200000000000000000e+01
1.160000000000000000e+02 2.200000000000000000e+01
-1.000000000000000000e+00 -1.000000000000000000e+00
1.290000000000000000e+02 2.500000000000000000e+01
