1.390000000000000000e+02 3.100000000000000000e+01
1.220000000000000000e+02 7.500000000000000000e+01
9.900000000000000000e+01 7.400000000000000000e+01
9.200000000000000000e+01 1.580000000000000000e+02
1.240000000000000000e+02 2.180000000000000000e+02
1.450000000000000000e+02 7.600000000000000000e+01
1.490000000000000000e+02 1.460000000000000000e+02
1.580000000000000000e+02 2.030000000000000000e+02
1.110000000000000000e+02 2.160000000000000000e+02
-1.000000000000000000e+00 -1.000000000000000000e+00
-1.000000000000000000e+00 -1.000000000000000000e+00
1.420000000000000000e+02 2.120000000000000000e+02
-1.000000000000000000e+00 -1.000000000000000000e+00
-1.000000000000000000e+00 -1.000000000000000000e+00
1.290000000000000000e+02 2.400000000000000000e+01
1.460000000000000000e+02 2.500000000000000000e+01
1.110000000000000000e+02 2.900000000000000000e+01
-1.000000000000000000e+00 -1.000000000000000000e+00
