-1.000000000000000000e+00 -1.000000000000000000e+00
1.180000000000000000e+02 6.200000000000000000e+01
1.600000000000000000e+02 6.200000000000000000e+01
1.710000000000000000e+02 1.330000000000000000e+02
1.690000000000000000e+02 1.900000000000000000e+02
7.600000000000000000e+01 6.200000000000000000e+01
6.500000000000000000e+01 1.320000000000000000e+02
6.800000000000000000e+01 1.910000000000000000e+02
1.430000000000000000e+02 1.860000000000000000e+02
1.400000000000000000e+02 2.550000000000000000e+02
-1.000000000000000000e+00 -1.000000000000000000e+00
9.500000000000000000e+01 1.860000000000000000e+02
9.600000000000000000e+01 2.550000000000000000e+02
-1.000000000000000000e+00 -1.000000000000000000e+00
-1.000000000000000000e+00 -1.000000000000000000e+00
-1.000000000000000000e+00 -1.000000000000000000e+00
1.360000000000000000e+02 1.600000000000000000e+01
1.010000000000000000e+02 1.500000000000000000e+01
