1.320000000000000000e+02 3.100000000000000000e+01
1.300000000000000000e+02 8.400000000000000000e+01
8.700000000000000000e+01 8.100000000000000000e+01
7.200000000000000000e+01 1.490000000000000000e+02
7.900000000000000000e+01 2.110000000000000000e+02
1.730000000000000000e+02 8.600000000000000000e+01
1.820000000000000000e+02 1.520000000000000000e+02
1.750000000000000000e+02 2.120000000000000000e+02
1.010000000000000000e+02 2.170000000000000000e+02
-1.000000000000000000e+00 -1.000000000000000000e+00
-1.000000000000000000e+00 -1.000000000000000000e+00
1.510000000000000000e+02 2.190000000000000000e+02
-1.000000000000000000e+00 -1.000000000000000000e+00
-1.000000000000000000e+00 -1.000000000000000000e+00
1.250000000000000000e+02 2.500000000000000000e+01
1.400000000000000000e+02 2.600000000000000000e+01
1.140000000000000000e+02 3.200000000000000000e+01
1.500000000000000000e+02 3.400000000000000000e+01
