1.120000000000000000e+02 4.400000000000000000e+01
1.390000000000000000e+02 8.400000000000000000e+01
1.590000000000000000e+02 8.600000000000000000e+01
-1.000000000000000000e+00 -1.000000000000000000e+00
-1.000000000000000000e+00 -1.000000000000000000e+00
1.180000000000000000e+02 8.200000000000000000e+01
1.020000000000000000e+02 1.540000000000000000e+02
9.400000000000000000e+01 2.060000000000000000e+02
1.640000000000000000e+02 2.180000000000000000e+02
-1.000000000000000000e+00 -1.000000000000000000e+00
-1.000000000000000000e+00 -1.000000000000000000e+00
1.240000000000000000e+02 2.200000000000000000e+02
-1.000000000000000000e+00 -1.000000000000000000e+00
-1.000000000000000000e+00 -1.000000000000000000e+00
1.050000000000000000e+02 3.700000000000000000e+01
1.210000000000000000e+02 3.300000000000000000e+01
-1.000000000000000000e+00 -1.000000000000000000e+00
1.430000000000000000e+02 3.800000000000000000e+01
