1.320000000000000000e+02 3.000000000000000000e+01
1.310000000000000000e+02 5.900000000000000000e+01
1.130000000000000000e+02 5.800000000000000000e+01
1.080000000000000000e+02 9.500000000000000000e+01
1.100000000000000000e+02 1.280000000000000000e+02
1.500000000000000000e+02 6.000000000000000000e+01
1.490000000000000000e+02 9.300000000000000000e+01
1.520000000000000000e+02 1.150000000000000000e+02
1.160000000000000000e+02 1.230000000000000000e+02
1.090000000000000000e+02 1.790000000000000000e+02
1.380000000000000000e+02 2.130000000000000000e+02
1.400000000000000000e+02 1.240000000000000000e+02
1.350000000000000000e+02 1.750000000000000000e+02
1.300000000000000000e+02 2.220000000000000000e+02
1.270000000000000000e+02 2.600000000000000000e+01
1.380000000000000000e+02 2.600000000000000000e+01
1.200000000000000000e+02 3.000000000000000000e+01
1.460000000000000000e+02 3.000000000000000000e+01
