1.290000000000000000e+02 2.900000000000000000e+01
1.370000000000000000e+02 7.000000000000000000e+01
1.030000000000000000e+02 6.900000000000000000e+01
9.400000000000000000e+01 1.240000000000000000e+02
8.800000000000000000e+01 1.800000000000000000e+02
1.700000000000000000e+02 7.100000000000000000e+01
1.780000000000000000e+02 1.320000000000000000e+02
1.750000000000000000e+02 1.870000000000000000e+02
1.090000000000000000e+02 1.750000000000000000e+02
9.500000000000000000e+01 2.550000000000000000e+02
-1.000000000000000000e+00 -1.000000000000000000e+00
1.530000000000000000e+02 1.790000000000000000e+02
1.520000000000000000e+02 2.550000000000000000e+02
-1.000000000000000000e+00 -1.000000000000000000e+00
1.230000000000000000e+02 2.300000000000000000e+01
1.370000000000000000e+02 2.200000000000000000e+01
1.160000000000000000e+02 2.500000000000000000e+01
1.500000000000000000e+02 2.200000000000000000e+01
