-1.000000000000000000e+00 -1.000000000000000000e+00
1.450000000000000000e+02 5.500000000000000000e+01
1.670000000000000000e+02 5.700000000000000000e+01
1.710000000000000000e+02 9.900000000000000000e+01
1.650000000000000000e+02 1.300000000000000000e+02
1.230000000000000000e+02 5.300000000000000000e+01
1.140000000000000000e+02 9.400000000000000000e+01
1.130000000000000000e+02 1.270000000000000000e+02
1.530000000000000000e+02 1.250000000000000000e+02
1.510000000000000000e+02 1.780000000000000000e+02
1.430000000000000000e+02 2.320000000000000000e+02
1.270000000000000000e+02 1.240000000000000000e+02
1.170000000000000000e+02 1.760000000000000000e+02
1.150000000000000000e+02 2.300000000000000000e+02
-1.000000000000000000e+00 -1.000000000000000000e+00
-1.000000000000000000e+00 -1.000000000000000000e+00
1.550000000000000000e+02 2.500000000000000000e+01
1.350000000000000000e+02 2.500000000000000000e+01
